function cmap = custom_blue_white_map()

cmap = [[1 1 1;0.984251968503937 0.992125984251969 1;0.968503937007874 0.984251968503937 1;0.952755905511811 0.976377952755906 1;0.937007874015748 0.968503937007874 1;0.921259842519685 0.960629921259842 1;0.905511811023622 0.952755905511811 1;0.889763779527559 0.94488188976378 1;0.874015748031496 0.937007874015748 1;0.858267716535433 0.929133858267717 1;0.84251968503937 0.921259842519685 1;0.826771653543307 0.913385826771654 1;0.811023622047244 0.905511811023622 1;0.795275590551181 0.897637795275591 1;0.779527559055118 0.889763779527559 1;0.763779527559055 0.881889763779528 1;0.748031496062992 0.874015748031496 1;0.732283464566929 0.866141732283465 1;0.716535433070866 0.858267716535433 1;0.700787401574803 0.850393700787402 1;0.68503937007874 0.84251968503937 1;0.669291338582677 0.834645669291339 1;0.653543307086614 0.826771653543307 1;0.637795275590551 0.818897637795276 1;0.622047244094488 0.811023622047244 1;0.606299212598425 0.803149606299213 1;0.590551181102362 0.795275590551181 1;0.574803149606299 0.78740157480315 1;0.559055118110236 0.779527559055118 1;0.543307086614173 0.771653543307087 1;0.52755905511811 0.763779527559055 1;0.511811023622047 0.755905511811024 1;0.496062992125984 0.748031496062992 1;0.480314960629921 0.740157480314961 1;0.464566929133858 0.732283464566929 1;0.448818897637795 0.724409448818898 1;0.433070866141732 0.716535433070866 1;0.417322834645669 0.708661417322835 1;0.401574803149606 0.700787401574803 1;0.385826771653543 0.692913385826772 1;0.37007874015748 0.68503937007874 1;0.354330708661417 0.677165354330709 1;0.338582677165354 0.669291338582677 1;0.322834645669291 0.661417322834646 1;0.307086614173228 0.653543307086614 1;0.291338582677165 0.645669291338583 1;0.275590551181102 0.637795275590551 1;0.259842519685039 0.62992125984252 1;0.244094488188976 0.622047244094488 1;0.228346456692913 0.614173228346457 1;0.21259842519685 0.606299212598425 1;0.196850393700787 0.598425196850394 1;0.181102362204724 0.590551181102362 1;0.165354330708661 0.582677165354331 1;0.149606299212598 0.574803149606299 1;0.133858267716535 0.566929133858268 1;0.118110236220472 0.559055118110236 1;0.102362204724409 0.551181102362205 1;0.0866141732283465 0.543307086614173 1;0.0708661417322836 0.535433070866142 1;0.0551181102362204 0.52755905511811 1;0.0393700787401574 0.519685039370079 1;0.0236220472440944 0.511811023622047 1;0.00787401574803148 0.503937007874016 1;0 0.496062992125984 0.996062992125984;0 0.488188976377953 0.988188976377953;0 0.480314960629921 0.980314960629921;0 0.47244094488189 0.97244094488189;0 0.464566929133858 0.964566929133858;0 0.456692913385827 0.956692913385827;0 0.448818897637795 0.948818897637795;0 0.440944881889764 0.940944881889764;0 0.433070866141732 0.933070866141732;0 0.425196850393701 0.925196850393701;0 0.417322834645669 0.917322834645669;0 0.409448818897638 0.909448818897638;0 0.401574803149606 0.901574803149606;0 0.393700787401575 0.893700787401575;0 0.385826771653543 0.885826771653543;0 0.377952755905512 0.877952755905512;0 0.37007874015748 0.87007874015748;0 0.362204724409449 0.862204724409449;0 0.354330708661417 0.854330708661417;0 0.346456692913386 0.846456692913386;0 0.338582677165354 0.838582677165354;0 0.330708661417323 0.830708661417323;0 0.322834645669291 0.822834645669291;0 0.31496062992126 0.81496062992126;0 0.307086614173228 0.807086614173228;0 0.299212598425197 0.799212598425197;0 0.291338582677165 0.791338582677165;0 0.283464566929134 0.783464566929134;0 0.275590551181102 0.775590551181102;0 0.267716535433071 0.767716535433071;0 0.259842519685039 0.759842519685039;0 0.251968503937008 0.751968503937008;0 0.244094488188976 0.744094488188976;0 0.236220472440945 0.736220472440945;0 0.228346456692913 0.728346456692913;0 0.220472440944882 0.720472440944882;0 0.21259842519685 0.71259842519685;0 0.204724409448819 0.704724409448819;0 0.196850393700787 0.696850393700787;0 0.188976377952756 0.688976377952756;0 0.181102362204724 0.681102362204724;0 0.173228346456693 0.673228346456693;0 0.165354330708661 0.665354330708661;0 0.15748031496063 0.65748031496063;0 0.149606299212598 0.649606299212598;0 0.141732283464567 0.641732283464567;0 0.133858267716535 0.633858267716535;0 0.125984251968504 0.625984251968504;0 0.118110236220472 0.618110236220472;0 0.110236220472441 0.610236220472441;0 0.102362204724409 0.602362204724409;0 0.094488188976378 0.594488188976378;0 0.0866141732283465 0.586614173228346;0 0.078740157480315 0.578740157480315;0 0.0708661417322835 0.570866141732283;0 0.062992125984252 0.562992125984252;0 0.0551181102362205 0.55511811023622;0 0.047244094488189 0.547244094488189;0 0.0393700787401575 0.539370078740158;0 0.031496062992126 0.531496062992126;0 0.0236220472440945 0.523622047244094;0 0.015748031496063 0.515748031496063;0 0.0078740157480315 0.507874015748031;0 0 0.5]];
end
